344
345
346
347
348
349
350
351
352
353
324
325
326
327
328
329
330
331
332
333
304
305
306
307
308
309
310
284
285
286
287
264
265
266
267
244
245
246
247
224
225
226
227
204
205
206
207
184
185
186
187
164
165
166
167
144
145
146
147
124
125
126
127
104
105
106
107
108
109
110
111
112
113
114
115
116
84
85
86
87
88
89
90
91
92
93
94
95
96
64
65
66
67
68
69
70
71
72
73
74
75
76
44
45
46
47
48
49
50
51
52
53
54
55
56
230
231
232
233
234
235
236
210
211
212
213
214
215
216
190
191
192
193
194
195
196
173
174
175
176
153
154
155
156
133
134
135
136
